     1.000000    0.001260
     0.999123    0.001383
     0.997740    0.001577
     0.996264    0.001783
     0.994683    0.002004
     0.992981    0.002241
     0.991139    0.002497
     0.989133    0.002775
     0.986932    0.003079
     0.984498    0.003414
     0.981776    0.003789
     0.978695    0.004210
     0.975155    0.004693
     0.971010    0.005256
     0.966037    0.005927
     0.959887    0.006752
     0.951973    0.007805
     0.941303    0.009208
     0.926308    0.011151
     0.905385    0.013804
     0.878937    0.017068
     0.849524    0.020581
     0.819087    0.024093
     0.788357    0.027512
     0.757546    0.030814
     0.726734    0.033989
     0.695958    0.037031
     0.665249    0.039934
     0.634638    0.042691
     0.604154    0.045291
     0.573828    0.047726
     0.543690    0.049983
     0.513774    0.052051
     0.484112    0.053915
     0.454738    0.055562
     0.425691    0.056975
     0.397009    0.058140
     0.368736    0.059039
     0.340919    0.059657
     0.313612    0.059975
     0.286876    0.059979
     0.260785    0.059652
     0.235427    0.058983
     0.210910    0.057962
     0.187378    0.056586
     0.165014    0.054866
     0.144066    0.052829
     0.124838    0.050533
     0.107646    0.048069
     0.092718    0.045551
     0.080081    0.043089
     0.069550    0.040757
     0.060811    0.038589
     0.053525    0.036589
     0.047392    0.034742
     0.042167    0.033030
     0.037663    0.031434
     0.033735    0.029936
     0.030277    0.028519
     0.027203    0.027172
     0.024451    0.025883
     0.021970    0.024644
     0.019721    0.023445
     0.017673    0.022281
     0.015801    0.021146
     0.014085    0.020035
     0.012507    0.018945
     0.011056    0.017870
     0.009720    0.016808
     0.008488    0.015756
     0.007355    0.014711
     0.006315    0.013671
     0.005363    0.012634
     0.004496    0.011601
     0.003712    0.010570
     0.003008    0.009541
     0.002381    0.008511
     0.001830    0.007480
     0.001353    0.006448
     0.000950    0.005419
     0.000623    0.004399
     0.000369    0.003392
     0.000185    0.002403
     0.000066    0.001433
     0.000007    0.000476
     0.000007   -0.000476
     0.000066   -0.001433
     0.000185   -0.002404
     0.000369   -0.003392
     0.000623   -0.004399
     0.000950   -0.005419
     0.001353   -0.006448
     0.001830   -0.007480
     0.002381   -0.008512
     0.003008   -0.009541
     0.003712   -0.010570
     0.004496   -0.011601
     0.005363   -0.012635
     0.006315   -0.013671
     0.007355   -0.014711
     0.008488   -0.015756
     0.009720   -0.016808
     0.011056   -0.017870
     0.012507   -0.018945
     0.014085   -0.020035
     0.015801   -0.021146
     0.017673   -0.022281
     0.019721   -0.023445
     0.021970   -0.024644
     0.024451   -0.025884
     0.027203   -0.027172
     0.030277   -0.028519
     0.033736   -0.029936
     0.037663   -0.031434
     0.042167   -0.033030
     0.047392   -0.034742
     0.053526   -0.036589
     0.060811   -0.038589
     0.069550   -0.040757
     0.080081   -0.043089
     0.092718   -0.045551
     0.107647   -0.048069
     0.124838   -0.050533
     0.144067   -0.052829
     0.165015   -0.054866
     0.187379   -0.056586
     0.210911   -0.057962
     0.235428   -0.058983
     0.260786   -0.059652
     0.286877   -0.059979
     0.313613   -0.059975
     0.340919   -0.059657
     0.368737   -0.059039
     0.397010   -0.058140
     0.425691   -0.056975
     0.454739   -0.055562
     0.484112   -0.053915
     0.513775   -0.052050
     0.543691   -0.049983
     0.573829   -0.047725
     0.604155   -0.045291
     0.634638   -0.042691
     0.665249   -0.039934
     0.695959   -0.037031
     0.726734   -0.033989
     0.757546   -0.030814
     0.788357   -0.027512
     0.819088   -0.024093
     0.849525   -0.020581
     0.878938   -0.017068
     0.905386   -0.013804
     0.926308   -0.011151
     0.941303   -0.009208
     0.951973   -0.007805
     0.959886   -0.006752
     0.966038   -0.005927
     0.971010   -0.005256
     0.975155   -0.004693
     0.978695   -0.004210
     0.981776   -0.003789
     0.984498   -0.003414
     0.986933   -0.003079
     0.989133   -0.002775
     0.991139   -0.002497
     0.992981   -0.002241
     0.994683   -0.002004
     0.996264   -0.001783
     0.997740   -0.001577
     0.999123   -0.001383
     1.000000   -0.001260
